    prob  log10(PO)   qval  alpha  fst
1  0.00140028 -2.85318 0.998374 -0.00096905 0.21152 
2  0.0010002 -2.9995 0.99868 9.4207e-05 0.21165 
3  0.0010002 -2.9995 0.99868 -0.00041451 0.21157 
4  0.00020004 -3.6988 0.99900 2.9115e-05 0.21162 
5  0.00060012 -3.2215 0.99892 -0.00014734 0.21164 
6  0.00080016 -3.0965 0.99881 -0.00067496 0.21153 
7  0.0010002 -2.9995 0.99868 -0.00035917 0.21158 
8  0.00080016 -3.0965 0.99881 -3.5588e-05 0.21165 
9  0.0010002 -2.9995 0.99868 0.00036408 0.21172 
10  0.00080016 -3.0965 0.99881 -8.4565e-05 0.21161 
11  0.0014003 -2.8532 0.99837 0.00052584 0.21171 
12  0.00080016 -3.0965 0.99881 0.00040938 0.21171 
13  0.00080016 -3.0965 0.99881 8.1535e-05 0.21163 
14  0.00080016 -3.0965 0.99881 -0.00033271 0.21159 
15  0.0028006 -2.5515 0.99700 0.00084833 0.21181 
16  0.00060012 -3.2215 0.99892 -0.00045899 0.21156 
17  0.0012002 -2.9202 0.99853 0.00048607 0.21172 
18  0.00060012 -3.2215 0.99892 0.00043504 0.21171 
19  0.0012002 -2.9202 0.99853 -3.0261e-05 0.21166 
20  0.0020004 -2.6980 0.99781 -0.00097219 0.21155 
21  0.0012002 -2.9202 0.99853 -0.00010182 0.21167 
22  0.0018004 -2.7439 0.99804 -2.7689e-05 0.21166 
23  0.00080016 -3.0965 0.99881 -0.00016384 0.21160 
24  0.00080016 -3.0965 0.99881 -0.00019646 0.21164 
25  0.00040008 -3.3977 0.99897 0.00012703 0.21164 
26  0.00040008 -3.3977 0.99897 -0.00029607 0.21158 
27  0.0012002 -2.9202 0.99853 0.00023118 0.21174 
28  0.0012002 -2.9202 0.99853 3.1474e-05 0.21168 
29  0.0010002 -2.9995 0.99868 -0.00077532 0.21152 
30  0.0010002 -2.9995 0.99868 0.00072522 0.21177 
31  0.00060012 -3.2215 0.99892 0.00055369 0.21173 
32  0.0012002 -2.9202 0.99853 -0.00038074 0.21162 
33  0.0022004 -2.6565 0.99763 0.0010697 0.21187 
34  0.00020004 -3.6988 0.99900 -0.00024746 0.21159 
35  0.00040008 -3.3977 0.99897 0.00013403 0.21164 
36  0.0012002 -2.9202 0.99853 8.5546e-05 0.21167 
37  0.0012002 -2.9202 0.99853 -0.00066227 0.21162 
38  0.0010002 -2.9995 0.99868 -0.00010317 0.21160 
39  0.00040008 -3.3977 0.99897 -0.00014295 0.21160 
40  0.0010002 -2.9995 0.99868 6.3273e-05 0.21163 
41  0.0014003 -2.8532 0.99837 -0.00018678 0.21165 
42  0.00040008 -3.3977 0.99897 -0.00015130 0.21160 
43  0.00080016 -3.0965 0.99881 -0.00022443 0.21161 
44  0.0010002 -2.9995 0.99868 -0.00083802 0.21151 
45  0.00080016 -3.0965 0.99881 0.00028630 0.21168 
46  0.0014003 -2.8532 0.99837 -0.00062909 0.21155 
47  0.0014003 -2.8532 0.99837 -0.00040082 0.21163 
48  0.0012002 -2.9202 0.99853 0.00065910 0.21177 
49  0.00040008 -3.3977 0.99897 -0.00022307 0.21159 
50  0.00060012 -3.2215 0.99892 -1.1602e-05 0.21162 
51  0.0010002 -2.9995 0.99868 -3.7627e-05 0.21163 
52  0.0016003 -2.7951 0.99820 -0.00031890 0.21165 
53  0.0016003 -2.7951 0.99820 -0.00034442 0.21159 
54  0.0010002 -2.9995 0.99868 -0.00027355 0.21164 
55  0.0012002 -2.9202 0.99853 0.00036693 0.21174 
56  0.00080016 -3.0965 0.99881 0.00055989 0.21175 
57  0.0022004 -2.6565 0.99763 -0.00081509 0.21158 
58  0.00080016 -3.0965 0.99881 -0.00014083 0.21165 
59  0.0016003 -2.7951 0.99820 0.00065578 0.21177 
60  0.0016003 -2.7951 0.99820 0.00053266 0.21176 
61  0.00080016 -3.0965 0.99881 0.00029866 0.21169 
62  0.0012002 -2.9202 0.99853 0.00028655 0.21170 
63  0.0010002 -2.9995 0.99868 -0.00055367 0.21157 
64  0.0016003 -2.7951 0.99820 0.00024587 0.21170 
65  0.0012002 -2.9202 0.99853 -0.00035009 0.21160 
66  0.00060012 -3.2215 0.99892 0.00032310 0.21170 
67  0.0010002 -2.9995 0.99868 -0.00032725 0.21158 
68  0.0014003 -2.8532 0.99837 -0.00078764 0.21152 
69  0.00040008 -3.3977 0.99897 -0.00019968 0.21162 
70  0.0012002 -2.9202 0.99853 -1.5397e-05 0.21169 
71  0.0010002 -2.9995 0.99868 0.00011388 0.21165 
72  0.0014003 -2.8532 0.99837 0.0015268 0.21193 
73  0.00060012 -3.2215 0.99892 0.00010996 0.21166 
74  0.00060012 -3.2215 0.99892 0.00048171 0.21172 
75  0.00040008 -3.3977 0.99897 0.00023735 0.21166 
76  0.0012002 -2.9202 0.99853 -0.00035600 0.21159 
77  0.0010002 -2.9995 0.99868 -0.00024586 0.21160 
78  0.0012002 -2.9202 0.99853 -0.00054150 0.21156 
79  0.00080016 -3.0965 0.99881 -1.8427e-05 0.21162 
80  0.00060012 -3.2215 0.99892 -0.00013194 0.21161 
81  0.00060012 -3.2215 0.99892 -0.00047763 0.21157 
82  0.0014003 -2.8532 0.99837 -0.00027065 0.21163 
83  0.00060012 -3.2215 0.99892 -0.0010637 0.21153 
84  0.00060012 -3.2215 0.99892 0.00036307 0.21170 
85  0.0016003 -2.7951 0.99820 -0.0010839 0.21150 
86  0.00020004 -3.6988 0.99900 -0.00020222 0.21160 
87  0.0016003 -2.7951 0.99820 -0.00033565 0.21161 
88  0.00080016 -3.0965 0.99881 0.00021262 0.21166 
89  0.00080016 -3.0965 0.99881 2.7236e-05 0.21164 
90  0.00060012 -3.2215 0.99892 0.00018800 0.21166 
91  0.0012002 -2.9202 0.99853 0.00051412 0.21172 
92  0.00060012 -3.2215 0.99892 0.00018291 0.21165 
93  0.00060012 -3.2215 0.99892 -0.00025007 0.21160 
94  0.00040008 -3.3977 0.99897 -2.8339e-05 0.21162 
95  0.0014003 -2.8532 0.99837 1.1421e-05 0.21167 
96  0.00060012 -3.2215 0.99892 -0.00043630 0.21164 
97  0.00080016 -3.0965 0.99881 -0.00054748 0.21154 
98  0.0012002 -2.9202 0.99853 -0.00075019 0.21156 
99  0.00040008 -3.3977 0.99897 0.00036246 0.21170 
100  0.0016003 -2.7951 0.99820 0.00015129 0.21166 
101  0.00080016 -3.0965 0.99881 -9.2070e-05 0.21163 
102  0.00080016 -3.0965 0.99881 0.00039432 0.21170 
103  0.00040008 -3.3977 0.99897 0.00044456 0.21171 
104  0.0010002 -2.9995 0.99868 0.00020732 0.21170 
105  0.00060012 -3.2215 0.99892 0.00017733 0.21168 
106  0.0010002 -2.9995 0.99868 -0.00064326 0.21157 
107  0.00080016 -3.0965 0.99881 -0.00036667 0.21158 
108  0.00080016 -3.0965 0.99881 0.00045588 0.21172 
109  0.0012002 -2.9202 0.99853 -0.00034007 0.21165 
110  0.00060012 -3.2215 0.99892 -0.00046108 0.21156 
111  0.0014003 -2.8532 0.99837 0.00017475 0.21169 
112  0.00080016 -3.0965 0.99881 -0.00088653 0.21152 
113  0.00060012 -3.2215 0.99892 3.6547e-05 0.21164 
114  0.00040008 -3.3977 0.99897 0.00020534 0.21166 
115  0.0012002 -2.9202 0.99853 3.6891e-05 0.21166 
116  0.00060012 -3.2215 0.99892 3.1183e-05 0.21164 
117  0.0010002 -2.9995 0.99868 6.2538e-05 0.21166 
118  0.00060012 -3.2215 0.99892 0.00037854 0.21169 
119  0.00080016 -3.0965 0.99881 0.00041384 0.21170 
120  0.0016003 -2.7951 0.99820 0.00038325 0.21174 
121  0.0016003 -2.7951 0.99820 0.00021024 0.21169 
122  0.00060012 -3.2215 0.99892 -0.00037343 0.21158 
123  0.00080016 -3.0965 0.99881 -0.00024291 0.21159 
124  0.00080016 -3.0965 0.99881 -0.00013758 0.21161 
125  0.00080016 -3.0965 0.99881 0.00014392 0.21165 
126  0.0012002 -2.9202 0.99853 -0.00014728 0.21163 
127  0.00040008 -3.3977 0.99897 0.00048246 0.21172 
128  0.00060012 -3.2215 0.99892 -1.4328e-05 0.21162 
129  0.0014003 -2.8532 0.99837 0.00014130 0.21168 
130  0.0014003 -2.8532 0.99837 0.00040406 0.21174 
131  0.0010002 -2.9995 0.99868 0.00014562 0.21167 
132  0.0010002 -2.9995 0.99868 -0.00083872 0.21153 
133  0.00020004 -3.6988 0.99900 7.6145e-05 0.21163 
134  0.00060012 -3.2215 0.99892 -6.6049e-05 0.21162 
135  0.00080016 -3.0965 0.99881 -0.00092237 0.21153 
136  0.00040008 -3.3977 0.99897 -0.00025171 0.21158 
137  0.0012002 -2.9202 0.99853 -0.00046581 0.21157 
138  0.00080016 -3.0965 0.99881 0.00029745 0.21169 
139  0.00060012 -3.2215 0.99892 -3.8293e-05 0.21162 
140  0.0018004 -2.7439 0.99804 7.5754e-06 0.21165 
141  0.0016003 -2.7951 0.99820 -0.0013205 0.21150 
142  0.0016003 -2.7951 0.99820 -4.3023e-05 0.21167 
143  0.0010002 -2.9995 0.99868 0.00074834 0.21178 
144  0.0012002 -2.9202 0.99853 0.00031495 0.21175 
145  0.0010002 -2.9995 0.99868 -0.00064491 0.21155 
146  0.00060012 -3.2215 0.99892 -9.8027e-05 0.21162 
147  0.0010002 -2.9995 0.99868 0.00044280 0.21174 
148  0.00060012 -3.2215 0.99892 -0.00057040 0.21155 
149  0.00060012 -3.2215 0.99892 0.00010080 0.21164 
150  0.0014003 -2.8532 0.99837 0.00026102 0.21169 
151  0.0018004 -2.7439 0.99804 0.00016573 0.21171 
152  0.00060012 -3.2215 0.99892 -4.0894e-05 0.21161 
153  0.00060012 -3.2215 0.99892 -0.00027137 0.21158 
154  0.0014003 -2.8532 0.99837 -4.6410e-05 0.21163 
155  0.0016003 -2.7951 0.99820 0.00072437 0.21179 
156  0.0016003 -2.7951 0.99820 -0.0010639 0.21154 
157  0.00080016 -3.0965 0.99881 0.00029035 0.21170 
158  0.0012002 -2.9202 0.99853 6.4339e-06 0.21168 
159  0.0012002 -2.9202 0.99853 -0.00017564 0.21160 
160  0.0010002 -2.9995 0.99868 0.00011327 0.21167 
161  0.0010002 -2.9995 0.99868 0.00045651 0.21173 
162  0.0010002 -2.9995 0.99868 -0.00080791 0.21155 
163  0.0000 -1000.0 0.99901 0.0000 0.21162 
164  0.00060012 -3.2215 0.99892 -0.00018876 0.21160 
165  0.00080016 -3.0965 0.99881 5.7857e-06 0.21164 
166  0.00080016 -3.0965 0.99881 0.00023151 0.21166 
167  0.0010002 -2.9995 0.99868 0.00061535 0.21175 
168  0.00080016 -3.0965 0.99881 -0.00014534 0.21161 
169  0.0014003 -2.8532 0.99837 0.00081062 0.21181 
170  0.0010002 -2.9995 0.99868 -0.00015249 0.21163 
171  0.0010002 -2.9995 0.99868 -0.00060810 0.21154 
172  0.0010002 -2.9995 0.99868 -6.3302e-05 0.21163 
173  0.00060012 -3.2215 0.99892 -2.9175e-05 0.21163 
174  0.00040008 -3.3977 0.99897 -7.0084e-05 0.21161 
175  0.00060012 -3.2215 0.99892 -0.00059244 0.21156 
176  0.00060012 -3.2215 0.99892 0.00019817 0.21166 
177  0.00040008 -3.3977 0.99897 -0.00041468 0.21156 
178  0.00040008 -3.3977 0.99897 0.00073462 0.21177 
179  0.0018004 -2.7439 0.99804 -0.00073497 0.21156 
180  0.00060012 -3.2215 0.99892 7.6078e-05 0.21165 
181  0.0012002 -2.9202 0.99853 -0.00030509 0.21161 
182  0.0014003 -2.8532 0.99837 -0.00036195 0.21161 
183  0.0012002 -2.9202 0.99853 0.00073151 0.21179 
184  0.0010002 -2.9995 0.99868 -0.00033751 0.21157 
185  0.0014003 -2.8532 0.99837 -0.00038829 0.21159 
186  0.0014003 -2.8532 0.99837 -0.00031883 0.21161 
187  0.00060012 -3.2215 0.99892 -0.00032251 0.21159 
188  0.00040008 -3.3977 0.99897 0.00022705 0.21166 
189  0.0012002 -2.9202 0.99853 0.00019713 0.21167 
190  0.0010002 -2.9995 0.99868 0.00030242 0.21168 
191  0.0012002 -2.9202 0.99853 -0.00028252 0.21161 
192  0.0010002 -2.9995 0.99868 -0.00014491 0.21162 
193  0.0012002 -2.9202 0.99853 -0.00042083 0.21158 
194  0.0010002 -2.9995 0.99868 -0.00019085 0.21160 
195  0.00060012 -3.2215 0.99892 -0.00022083 0.21159 
196  0.00040008 -3.3977 0.99897 -0.00042953 0.21157 
197  0.0010002 -2.9995 0.99868 -0.00082920 0.21159 
198  0.0014003 -2.8532 0.99837 0.00042126 0.21171 
199  0.0010002 -2.9995 0.99868 0.00059888 0.21174 
200  0.00080016 -3.0965 0.99881 -0.00049746 0.21155 
201  0.00060012 -3.2215 0.99892 3.4583e-05 0.21164 
202  0.00060012 -3.2215 0.99892 0.00060301 0.21174 
203  0.00080016 -3.0965 0.99881 -0.00020065 0.21159 
204  0.0014003 -2.8532 0.99837 -0.00030813 0.21160 
205  0.00060012 -3.2215 0.99892 -0.00043974 0.21159 
206  0.0012002 -2.9202 0.99853 -0.00034919 0.21157 
207  0.00080016 -3.0965 0.99881 5.6749e-05 0.21164 
208  0.00080016 -3.0965 0.99881 0.00041064 0.21171 
209  0.0016003 -2.7951 0.99820 -0.00016684 0.21162 
210  0.0010002 -2.9995 0.99868 -0.00029740 0.21158 
211  0.00080016 -3.0965 0.99881 -1.2377e-06 0.21162 
212  0.00080016 -3.0965 0.99881 -0.00031151 0.21159 
213  0.0016003 -2.7951 0.99820 0.00055735 0.21176 
214  0.00080016 -3.0965 0.99881 -0.00027778 0.21160 
215  0.00080016 -3.0965 0.99881 -3.0575e-05 0.21163 
216  0.00080016 -3.0965 0.99881 -0.00052049 0.21156 
217  0.00060012 -3.2215 0.99892 0.00075122 0.21178 
218  0.0014003 -2.8532 0.99837 0.00030770 0.21171 
219  0.0020004 -2.6980 0.99781 0.00074913 0.21179 
220  0.00080016 -3.0965 0.99881 -0.00013123 0.21162 
221  0.00040008 -3.3977 0.99897 5.9644e-05 0.21163 
222  0.00060012 -3.2215 0.99892 0.00037806 0.21170 
223  0.0010002 -2.9995 0.99868 -7.9711e-05 0.21163 
224  0.00080016 -3.0965 0.99881 -0.00045516 0.21156 
225  0.00060012 -3.2215 0.99892 -0.00049590 0.21156 
226  0.0010002 -2.9995 0.99868 8.3169e-05 0.21164 
227  0.00060012 -3.2215 0.99892 0.00026442 0.21167 
228  0.0010002 -2.9995 0.99868 0.00030646 0.21172 
229  0.0000 -1000.0 0.99901 0.0000 0.21162 
230  0.0014003 -2.8532 0.99837 0.00055708 0.21177 
231  0.0012002 -2.9202 0.99853 -0.00032612 0.21159 
232  0.00080016 -3.0965 0.99881 -0.00018910 0.21159 
233  0.0014003 -2.8532 0.99837 -0.00067025 0.21154 
234  0.0010002 -2.9995 0.99868 0.00029364 0.21169 
235  0.0010002 -2.9995 0.99868 -0.00018785 0.21160 
236  0.00080016 -3.0965 0.99881 0.00014308 0.21165 
237  0.00020004 -3.6988 0.99900 -3.8879e-05 0.21161 
238  0.0014003 -2.8532 0.99837 -0.00026327 0.21164 
239  0.0018004 -2.7439 0.99804 0.00034292 0.21171 
240  0.00060012 -3.2215 0.99892 0.00013022 0.21165 
241  0.00040008 -3.3977 0.99897 -0.00031221 0.21159 
242  0.00020004 -3.6988 0.99900 -0.00026431 0.21159 
243  0.00080016 -3.0965 0.99881 -0.00026101 0.21159 
244  0.0010002 -2.9995 0.99868 -0.00073224 0.21158 
245  0.0012002 -2.9202 0.99853 0.00064089 0.21179 
246  0.00040008 -3.3977 0.99897 0.00077455 0.21179 
247  0.0012002 -2.9202 0.99853 -0.00071899 0.21154 
248  0.00040008 -3.3977 0.99897 -0.00021684 0.21159 
249  0.00060012 -3.2215 0.99892 0.00024989 0.21167 
250  0.0014003 -2.8532 0.99837 -0.00031897 0.21159 
251  0.0012002 -2.9202 0.99853 -0.00069481 0.21155 
252  0.0010002 -2.9995 0.99868 -8.7184e-05 0.21163 
253  0.0016003 -2.7951 0.99820 -0.00025660 0.21161 
254  0.00040008 -3.3977 0.99897 0.00037422 0.21170 
255  0.0010002 -2.9995 0.99868 0.00033668 0.21177 
256  0.00080016 -3.0965 0.99881 0.00046754 0.21173 
257  0.0012002 -2.9202 0.99853 -0.00010138 0.21163 
258  0.00040008 -3.3977 0.99897 0.00014691 0.21165 
259  0.0012002 -2.9202 0.99853 -0.00034661 0.21161 
260  0.0010002 -2.9995 0.99868 -0.00031922 0.21158 
261  0.00060012 -3.2215 0.99892 0.00028324 0.21170 
262  0.0016003 -2.7951 0.99820 0.00077236 0.21179 
263  0.0010002 -2.9995 0.99868 -0.00022461 0.21161 
264  0.0010002 -2.9995 0.99868 -0.00051542 0.21157 
265  0.0000 -1000.0 0.99901 0.0000 0.21162 
266  0.0018004 -2.7439 0.99804 -0.00067645 0.21162 
267  0.0018004 -2.7439 0.99804 5.5740e-05 0.21170 
268  0.00060012 -3.2215 0.99892 -0.00034801 0.21162 
269  0.00080016 -3.0965 0.99881 -0.00054792 0.21155 
270  0.00060012 -3.2215 0.99892 0.00016046 0.21164 
271  0.00080016 -3.0965 0.99881 0.00020641 0.21172 
272  0.0012002 -2.9202 0.99853 0.00015495 0.21169 
273  0.00040008 -3.3977 0.99897 8.0629e-06 0.21162 
274  0.0012002 -2.9202 0.99853 -0.00021770 0.21163 
275  0.0016003 -2.7951 0.99820 0.00037848 0.21175 
276  0.0012002 -2.9202 0.99853 -0.00049036 0.21157 
277  0.0010002 -2.9995 0.99868 -4.2868e-05 0.21162 
278  0.00080016 -3.0965 0.99881 -0.00013955 0.21161 
279  0.0018004 -2.7439 0.99804 -0.00051194 0.21161 
280  0.0012002 -2.9202 0.99853 -0.00022174 0.21167 
281  0.00080016 -3.0965 0.99881 -8.6946e-05 0.21160 
282  0.0018004 -2.7439 0.99804 0.00022485 0.21169 
283  0.0010002 -2.9995 0.99868 0.00037573 0.21170 
284  0.0012002 -2.9202 0.99853 2.4922e-05 0.21164 
285  0.0014003 -2.8532 0.99837 0.00021145 0.21168 
286  0.0014003 -2.8532 0.99837 0.00065716 0.21179 
287  0.0010002 -2.9995 0.99868 0.00014292 0.21164 
288  0.00060012 -3.2215 0.99892 0.00019078 0.21166 
289  0.0012002 -2.9202 0.99853 -0.00037534 0.21159 
290  0.0012002 -2.9202 0.99853 0.00030872 0.21169 
291  0.0012002 -2.9202 0.99853 3.7502e-05 0.21165 
292  0.0012002 -2.9202 0.99853 -0.00071659 0.21153 
293  0.0014003 -2.8532 0.99837 -0.00036318 0.21160 
294  0.0012002 -2.9202 0.99853 -0.00090859 0.21154 
295  0.00060012 -3.2215 0.99892 0.00052238 0.21174 
296  0.0014003 -2.8532 0.99837 0.00037897 0.21173 
297  0.0012002 -2.9202 0.99853 -0.00098615 0.21149 
298  0.0018004 -2.7439 0.99804 -0.00098757 0.21152 
299  0.00060012 -3.2215 0.99892 0.00029110 0.21167 
300  0.00060012 -3.2215 0.99892 0.00047142 0.21173 
301  0.0012002 -2.9202 0.99853 0.00098249 0.21183 
302  0.00020004 -3.6988 0.99900 0.00025837 0.21167 
303  0.0018004 -2.7439 0.99804 2.3522e-05 0.21169 
304  0.0018004 -2.7439 0.99804 -0.00030372 0.21162 
305  0.0012002 -2.9202 0.99853 -0.00024470 0.21161 
306  0.00080016 -3.0965 0.99881 0.00010708 0.21164 
307  0.0010002 -2.9995 0.99868 0.00044819 0.21174 
308  0.0014003 -2.8532 0.99837 -0.00025415 0.21161 
309  0.0018004 -2.7439 0.99804 0.00062302 0.21175 
310  0.00080016 -3.0965 0.99881 -0.00031446 0.21161 
311  0.0012002 -2.9202 0.99853 -0.00013022 0.21164 
312  0.0016003 -2.7951 0.99820 0.00030554 0.21169 
313  0.0014003 -2.8532 0.99837 0.00069014 0.21180 
314  0.00020004 -3.6988 0.99900 0.00026364 0.21168 
315  0.0012002 -2.9202 0.99853 -7.8360e-05 0.21163 
316  0.0016003 -2.7951 0.99820 -0.00052332 0.21161 
317  0.0016003 -2.7951 0.99820 -0.00049163 0.21160 
318  0.00040008 -3.3977 0.99897 -0.00013576 0.21160 
319  0.00060012 -3.2215 0.99892 0.00047427 0.21172 
320  0.0014003 -2.8532 0.99837 -0.00011845 0.21161 
321  0.00040008 -3.3977 0.99897 -3.9367e-05 0.21161 
322  0.00020004 -3.6988 0.99900 5.9628e-05 0.21163 
323  0.00060012 -3.2215 0.99892 -3.7975e-05 0.21164 
324  0.00020004 -3.6988 0.99900 -3.3478e-05 0.21161 
325  0.00060012 -3.2215 0.99892 -4.9505e-05 0.21161 
326  0.0024005 -2.6187 0.99745 -0.00075348 0.21161 
327  0.0012002 -2.9202 0.99853 0.00021735 0.21171 
328  0.00040008 -3.3977 0.99897 -0.00050898 0.21156 
329  0.0016003 -2.7951 0.99820 -0.00097562 0.21153 
330  0.0012002 -2.9202 0.99853 4.9537e-05 0.21165 
331  0.0018004 -2.7439 0.99804 0.00049109 0.21173 
332  0.00080016 -3.0965 0.99881 4.0864e-05 0.21164 
333  0.0010002 -2.9995 0.99868 0.00038688 0.21170 
334  0.00060012 -3.2215 0.99892 2.4782e-05 0.21163 
335  0.0010002 -2.9995 0.99868 0.00085946 0.21181 
336  0.00080016 -3.0965 0.99881 -0.00045408 0.21158 
337  0.0018004 -2.7439 0.99804 0.00036539 0.21177 
338  0.00060012 -3.2215 0.99892 -0.00039658 0.21157 
339  0.00080016 -3.0965 0.99881 -2.1305e-05 0.21164 
340  0.0010002 -2.9995 0.99868 8.9131e-06 0.21166 
341  0.00080016 -3.0965 0.99881 0.00017264 0.21169 
342  0.0010002 -2.9995 0.99868 0.00047587 0.21174 
343  0.0012002 -2.9202 0.99853 0.00075142 0.21180 
344  0.00080016 -3.0965 0.99881 -4.2380e-05 0.21163 
345  0.0016003 -2.7951 0.99820 0.00026773 0.21171 
346  0.0012002 -2.9202 0.99853 0.00029815 0.21171 
347  0.0012002 -2.9202 0.99853 0.00027248 0.21171 
348  0.00060012 -3.2215 0.99892 -0.00016946 0.21159 
349  0.00020004 -3.6988 0.99900 -7.9032e-06 0.21161 
350  0.00040008 -3.3977 0.99897 0.00010179 0.21164 
351  0.0014003 -2.8532 0.99837 -0.00027326 0.21162 
352  0.0010002 -2.9995 0.99868 -0.00010886 0.21161 
353  0.00080016 -3.0965 0.99881 -0.00043293 0.21155 
354  0.00080016 -3.0965 0.99881 9.3511e-05 0.21168 
355  0.0012002 -2.9202 0.99853 0.00032132 0.21174 
356  0.00060012 -3.2215 0.99892 0.00034143 0.21169 
357  0.00080016 -3.0965 0.99881 -3.0244e-06 0.21163 
358  0.0010002 -2.9995 0.99868 0.00018695 0.21172 
359  0.0014003 -2.8532 0.99837 -0.00088203 0.21151 
360  0.00080016 -3.0965 0.99881 -0.00015910 0.21160 
361  0.0016003 -2.7951 0.99820 0.00058540 0.21177 
362  0.0014003 -2.8532 0.99837 0.00021911 0.21172 
363  0.0010002 -2.9995 0.99868 0.00020737 0.21168 
364  0.0010002 -2.9995 0.99868 0.00028812 0.21171 
365  0.00080016 -3.0965 0.99881 0.00020030 0.21167 
366  0.0012002 -2.9202 0.99853 -0.00035854 0.21164 
367  0.0012002 -2.9202 0.99853 0.00098156 0.21182 
368  0.00060012 -3.2215 0.99892 5.7378e-05 0.21164 
369  0.00060012 -3.2215 0.99892 4.1950e-05 0.21163 
370  0.0018004 -2.7439 0.99804 -0.00023219 0.21163 
371  0.00040008 -3.3977 0.99897 -0.00014829 0.21160 
372  0.0014003 -2.8532 0.99837 -0.00061117 0.21156 
373  0.0012002 -2.9202 0.99853 0.00024076 0.21170 
374  0.0010002 -2.9995 0.99868 -0.00015855 0.21160 
375  0.0010002 -2.9995 0.99868 -0.00064364 0.21155 
376  0.0020004 -2.6980 0.99781 -0.00080472 0.21153 
377  0.0012002 -2.9202 0.99853 0.00012129 0.21168 
378  0.0014003 -2.8532 0.99837 -0.0011821 0.21153 
379  0.00080016 -3.0965 0.99881 -1.6965e-05 0.21169 
380  0.00080016 -3.0965 0.99881 -0.00039783 0.21161 
381  0.00020004 -3.6988 0.99900 -4.2427e-05 0.21161 
382  0.0012002 -2.9202 0.99853 -0.00072919 0.21157 
383  0.00080016 -3.0965 0.99881 -0.00046236 0.21158 
384  0.0012002 -2.9202 0.99853 -0.00024068 0.21162 
385  0.0018004 -2.7439 0.99804 -8.9273e-05 0.21171 
386  0.0018004 -2.7439 0.99804 -0.0011192 0.21152 
387  0.0012002 -2.9202 0.99853 -0.00021229 0.21161 
388  0.00020004 -3.6988 0.99900 0.00022390 0.21166 
389  0.0012002 -2.9202 0.99853 -0.00020205 0.21160 
390  0.0018004 -2.7439 0.99804 -9.0692e-05 0.21163 
391  0.00080016 -3.0965 0.99881 -0.00033887 0.21159 
392  0.00060012 -3.2215 0.99892 -0.00032757 0.21158 
393  0.0014003 -2.8532 0.99837 -0.0011693 0.21153 
394  0.0012002 -2.9202 0.99853 -0.00059436 0.21158 
395  0.00080016 -3.0965 0.99881 0.00021598 0.21167 
396  0.0016003 -2.7951 0.99820 -0.0011297 0.21151 
397  0.00020004 -3.6988 0.99900 6.2474e-05 0.21163 
398  0.0010002 -2.9995 0.99868 0.00021621 0.21169 
399  0.00040008 -3.3977 0.99897 -0.00032674 0.21157 
400  0.0010002 -2.9995 0.99868 0.00017614 0.21168 
401  0.00060012 -3.2215 0.99892 -0.00041172 0.21158 
402  0.00020004 -3.6988 0.99900 4.5454e-05 0.21162 
403  0.0016003 -2.7951 0.99820 -0.00010611 0.21164 
404  0.00080016 -3.0965 0.99881 0.00046095 0.21174 
405  0.0014003 -2.8532 0.99837 0.00040471 0.21180 
406  0.0010002 -2.9995 0.99868 0.00011423 0.21166 
407  0.00080016 -3.0965 0.99881 -0.00020877 0.21160 
408  0.00080016 -3.0965 0.99881 -0.00048890 0.21156 
409  0.0016003 -2.7951 0.99820 -0.0011472 0.21149 
410  0.00060012 -3.2215 0.99892 -0.00047239 0.21158 
411  0.0018004 -2.7439 0.99804 4.2651e-05 0.21172 
412  0.0014003 -2.8532 0.99837 -7.9482e-05 0.21165 
413  0.0010002 -2.9995 0.99868 -0.00052826 0.21156 
414  0.00040008 -3.3977 0.99897 -0.00034893 0.21157 
415  0.0012002 -2.9202 0.99853 4.8145e-05 0.21166 
416  0.00080016 -3.0965 0.99881 -0.00066986 0.21155 
417  0.0010002 -2.9995 0.99868 -7.9475e-05 0.21164 
418  0.00060012 -3.2215 0.99892 0.00055733 0.21173 
419  0.0020004 -2.6980 0.99781 -0.0015643 0.21149 
420  0.00060012 -3.2215 0.99892 0.00019320 0.21166 
421  0.0010002 -2.9995 0.99868 0.00087102 0.21181 
422  0.0010002 -2.9995 0.99868 -0.00041308 0.21158 
423  0.00080016 -3.0965 0.99881 -4.1529e-05 0.21164 
424  0.0010002 -2.9995 0.99868 -0.00064363 0.21156 
425  0.0010002 -2.9995 0.99868 0.00032443 0.21171 
426  0.0010002 -2.9995 0.99868 -0.00018278 0.21162 
427  0.0012002 -2.9202 0.99853 0.00056502 0.21173 
428  0.0000 -1000.0 0.99901 0.0000 0.21162 
429  0.0014003 -2.8532 0.99837 -0.0010300 0.21154 
430  0.0018004 -2.7439 0.99804 0.00090742 0.21183 
431  0.0012002 -2.9202 0.99853 0.00016666 0.21167 
432  0.0010002 -2.9995 0.99868 0.00055273 0.21173 
433  0.00080016 -3.0965 0.99881 0.00014734 0.21169 
434  0.00080016 -3.0965 0.99881 -0.00013280 0.21161 
435  0.0014003 -2.8532 0.99837 -0.00046717 0.21157 
436  0.00040008 -3.3977 0.99897 0.00015408 0.21165 
437  0.00080016 -3.0965 0.99881 5.4792e-06 0.21163 
438  0.0012002 -2.9202 0.99853 -0.00034815 0.21159 
439  0.0020004 -2.6980 0.99781 0.00087531 0.21184 
440  0.00080016 -3.0965 0.99881 1.9411e-05 0.21169 
441  0.00060012 -3.2215 0.99892 -0.00016064 0.21161 
442  0.00060012 -3.2215 0.99892 -0.00018070 0.21159 
443  0.0010002 -2.9995 0.99868 0.00034705 0.21174 
444  0.00080016 -3.0965 0.99881 -0.00012602 0.21160 
445  0.00080016 -3.0965 0.99881 0.00014701 0.21165 
446  0.0010002 -2.9995 0.99868 0.00048169 0.21172 
447  0.00060012 -3.2215 0.99892 0.00073788 0.21178 
448  0.0016003 -2.7951 0.99820 -0.00044782 0.21161 
449  0.00080016 -3.0965 0.99881 0.00010234 0.21164 
450  0.00060012 -3.2215 0.99892 -0.00024198 0.21161 
451  0.0016003 -2.7951 0.99820 0.00056615 0.21173 
452  0.00080016 -3.0965 0.99881 0.00032895 0.21168 
453  0.0024005 -2.6187 0.99745 0.00026092 0.21178 
454  0.0014003 -2.8532 0.99837 -4.2990e-05 0.21165 
455  0.0020004 -2.6980 0.99781 -0.00087185 0.21154 
456  0.0014003 -2.8532 0.99837 0.00012282 0.21171 
457  0.0012002 -2.9202 0.99853 0.00020243 0.21166 
458  0.00060012 -3.2215 0.99892 0.00025106 0.21168 
459  0.00080016 -3.0965 0.99881 -0.00020192 0.21160 
460  0.00040008 -3.3977 0.99897 -0.00056068 0.21156 
461  0.00080016 -3.0965 0.99881 0.00019754 0.21166 
462  0.0012002 -2.9202 0.99853 -0.0010192 0.21151 
463  0.00060012 -3.2215 0.99892 9.4953e-06 0.21162 
464  0.00040008 -3.3977 0.99897 5.4811e-05 0.21163 
465  0.0014003 -2.8532 0.99837 0.00072192 0.21180 
466  0.0014003 -2.8532 0.99837 -0.00077671 0.21156 
467  0.00080016 -3.0965 0.99881 -0.00017364 0.21159 
468  0.0012002 -2.9202 0.99853 0.0010315 0.21184 
469  0.00040008 -3.3977 0.99897 -1.8274e-05 0.21163 
470  0.0018004 -2.7439 0.99804 -0.00017597 0.21166 
471  0.00080016 -3.0965 0.99881 -0.00049904 0.21156 
472  0.00080016 -3.0965 0.99881 -0.00022934 0.21159 
473  0.00080016 -3.0965 0.99881 0.00082172 0.21180 
474  0.0010002 -2.9995 0.99868 1.7720e-05 0.21167 
475  0.0012002 -2.9202 0.99853 -0.00024550 0.21163 
476  0.00040008 -3.3977 0.99897 8.5782e-05 0.21163 
477  0.0014003 -2.8532 0.99837 0.00010297 0.21168 
478  0.00040008 -3.3977 0.99897 -0.00041555 0.21156 
479  0.0016003 -2.7951 0.99820 -0.00063615 0.21157 
480  0.00080016 -3.0965 0.99881 0.00028371 0.21170 
481  0.00080016 -3.0965 0.99881 4.2388e-05 0.21163 
482  0.0012002 -2.9202 0.99853 0.00028660 0.21167 
483  0.0016003 -2.7951 0.99820 -0.0011670 0.21149 
484  0.00040008 -3.3977 0.99897 0.00012340 0.21164 
485  0.0020004 -2.6980 0.99781 0.00054912 0.21175 
486  0.0016003 -2.7951 0.99820 -0.00058655 0.21156 
487  0.00040008 -3.3977 0.99897 -0.00031979 0.21158 
488  0.0010002 -2.9995 0.99868 -3.3465e-05 0.21165 
489  0.00060012 -3.2215 0.99892 0.00043844 0.21171 
490  0.0014003 -2.8532 0.99837 -0.00024137 0.21162 
491  0.00080016 -3.0965 0.99881 -0.00043365 0.21157 
492  0.0014003 -2.8532 0.99837 0.00084758 0.21183 
493  0.0012002 -2.9202 0.99853 -0.00060566 0.21157 
494  0.00040008 -3.3977 0.99897 2.9971e-05 0.21163 
495  0.0010002 -2.9995 0.99868 -5.1558e-05 0.21165 
496  0.0010002 -2.9995 0.99868 -6.8632e-05 0.21166 
497  0.0012002 -2.9202 0.99853 8.2995e-05 0.21168 
498  0.0014003 -2.8532 0.99837 5.0958e-05 0.21170 
499  0.00060012 -3.2215 0.99892 0.00011080 0.21165 
500  0.00060012 -3.2215 0.99892 0.00015995 0.21165 
501  0.0010002 -2.9995 0.99868 -0.00034060 0.21161 
502  0.00020004 -3.6988 0.99900 7.8433e-05 0.21163 
503  0.00060012 -3.2215 0.99892 0.00053638 0.21173 
504  0.0018004 -2.7439 0.99804 0.00073722 0.21179 
505  0.00080016 -3.0965 0.99881 0.00052713 0.21172 
506  0.0014003 -2.8532 0.99837 -0.0013014 0.21148 
507  0.00060012 -3.2215 0.99892 0.00014926 0.21165 
508  0.00080016 -3.0965 0.99881 0.00027125 0.21167 
509  0.0012002 -2.9202 0.99853 -0.00014912 0.21167 
510  0.0010002 -2.9995 0.99868 0.00060061 0.21174 
511  0.0014003 -2.8532 0.99837 0.00024157 0.21173 
512  0.0010002 -2.9995 0.99868 0.00037441 0.21173 
513  0.0010002 -2.9995 0.99868 3.0655e-05 0.21167 
514  0.0010002 -2.9995 0.99868 0.00014438 0.21166 
515  0.0012002 -2.9202 0.99853 -1.6845e-05 0.21163 
516  0.0010002 -2.9995 0.99868 0.00043287 0.21171 
517  0.00060012 -3.2215 0.99892 0.00025291 0.21166 
518  0.0012002 -2.9202 0.99853 5.9684e-05 0.21165 
519  0.00060012 -3.2215 0.99892 -0.00045772 0.21156 
520  0.0010002 -2.9995 0.99868 -0.00022158 0.21162 
521  0.0014003 -2.8532 0.99837 -0.00033183 0.21160 
522  0.0010002 -2.9995 0.99868 -1.4037e-05 0.21165 
523  0.00060012 -3.2215 0.99892 -0.00024074 0.21159 
524  0.0012002 -2.9202 0.99853 0.00030892 0.21170 
525  0.0016003 -2.7951 0.99820 -0.00091372 0.21153 
526  0.00080016 -3.0965 0.99881 -0.00054626 0.21155 
527  0.0012002 -2.9202 0.99853 -0.00019187 0.21162 
528  0.0012002 -2.9202 0.99853 -0.00039659 0.21157 
529  0.00060012 -3.2215 0.99892 -0.00014867 0.21161 
530  0.0010002 -2.9995 0.99868 0.00064161 0.21175 
531  0.00020004 -3.6988 0.99900 -0.00024714 0.21159 
532  0.00060012 -3.2215 0.99892 -0.00054739 0.21156 
533  0.00060012 -3.2215 0.99892 -7.2097e-05 0.21161 
534  0.00060012 -3.2215 0.99892 -0.00088634 0.21152 
535  0.00060012 -3.2215 0.99892 0.00017341 0.21169 
536  0.0014003 -2.8532 0.99837 -0.00054693 0.21156 
537  0.0010002 -2.9995 0.99868 0.00038321 0.21171 
538  0.00060012 -3.2215 0.99892 -0.00029767 0.21159 
539  0.0018004 -2.7439 0.99804 0.0012960 0.21191 
540  0.00040008 -3.3977 0.99897 0.00066308 0.21176 
541  0.0014003 -2.8532 0.99837 -0.00021432 0.21166 
542  0.00080016 -3.0965 0.99881 -0.00045799 0.21156 
543  0.00040008 -3.3977 0.99897 -7.7885e-05 0.21162 
544  0.0010002 -2.9995 0.99868 0.00033465 0.21170 
545  0.0010002 -2.9995 0.99868 -0.00070036 0.21155 
546  0.0016003 -2.7951 0.99820 0.00020863 0.21167 
547  0.00040008 -3.3977 0.99897 -9.6193e-05 0.21164 
548  0.00060012 -3.2215 0.99892 -0.00019991 0.21160 
549  0.0018004 -2.7439 0.99804 -0.00095029 0.21160 
550  0.0010002 -2.9995 0.99868 0.00052600 0.21175 
551  0.00060012 -3.2215 0.99892 -0.00019642 0.21160 
552  0.0012002 -2.9202 0.99853 0.00082701 0.21179 
553  0.0010002 -2.9995 0.99868 0.00052906 0.21174 
554  0.0012002 -2.9202 0.99853 -0.0011418 0.21151 
555  0.0012002 -2.9202 0.99853 7.5131e-05 0.21167 
556  0.0016003 -2.7951 0.99820 0.00046398 0.21176 
557  0.00060012 -3.2215 0.99892 0.00048694 0.21173 
558  0.0014003 -2.8532 0.99837 0.00045256 0.21172 
559  0.0016003 -2.7951 0.99820 6.4611e-05 0.21167 
560  0.00080016 -3.0965 0.99881 0.00033070 0.21169 
561  0.0018004 -2.7439 0.99804 -0.0015353 0.21150 
562  0.0012002 -2.9202 0.99853 0.00066863 0.21178 
563  0.00080016 -3.0965 0.99881 0.00034903 0.21170 
564  0.00040008 -3.3977 0.99897 -0.00037126 0.21157 
565  0.0010002 -2.9995 0.99868 0.00034767 0.21170 
566  0.0010002 -2.9995 0.99868 7.6953e-06 0.21162 
567  0.00080016 -3.0965 0.99881 0.00027666 0.21169 
568  0.0012002 -2.9202 0.99853 -0.00069501 0.21155 
569  0.0012002 -2.9202 0.99853 -1.9572e-05 0.21163 
570  0.00080016 -3.0965 0.99881 0.00028188 0.21168 
571  0.00080016 -3.0965 0.99881 0.00035480 0.21169 
572  0.00020004 -3.6988 0.99900 -8.1518e-05 0.21160 
573  0.0014003 -2.8532 0.99837 0.00022425 0.21171 
574  0.00060012 -3.2215 0.99892 0.00029719 0.21167 
575  0.0012002 -2.9202 0.99853 -5.3985e-05 0.21166 
576  0.00040008 -3.3977 0.99897 -9.6835e-05 0.21163 
577  0.0000 -1000.0 0.99901 0.0000 0.21162 
578  0.0014003 -2.8532 0.99837 -0.00092552 0.21150 
579  0.0010002 -2.9995 0.99868 -0.00055826 0.21155 
580  0.0012002 -2.9202 0.99853 0.00023153 0.21169 
581  0.0016003 -2.7951 0.99820 -0.00016234 0.21167 
582  0.0014003 -2.8532 0.99837 -0.00012835 0.21168 
583  0.0010002 -2.9995 0.99868 -0.00019970 0.21162 
584  0.00080016 -3.0965 0.99881 -0.00077047 0.21153 
585  0.0014003 -2.8532 0.99837 0.00038032 0.21176 
586  0.0020004 -2.6980 0.99781 -0.0010351 0.21154 
587  0.0018004 -2.7439 0.99804 0.00029129 0.21170 
588  0.00060012 -3.2215 0.99892 -0.00059498 0.21156 
589  0.0010002 -2.9995 0.99868 8.4251e-05 0.21168 
590  0.0010002 -2.9995 0.99868 -0.00013096 0.21165 
591  0.0014003 -2.8532 0.99837 0.00036365 0.21171 
592  0.00080016 -3.0965 0.99881 0.00085376 0.21180 
593  0.00060012 -3.2215 0.99892 -0.00019798 0.21160 
594  0.00080016 -3.0965 0.99881 0.00034499 0.21168 
595  0.0014003 -2.8532 0.99837 -0.00015805 0.21161 
596  0.0000 -1000.0 0.99901 0.0000 0.21162 
597  0.00040008 -3.3977 0.99897 0.00049735 0.21173 
598  0.0018004 -2.7439 0.99804 0.00043866 0.21173 
599  0.0012002 -2.9202 0.99853 -0.00035178 0.21160 
600  0.0012002 -2.9202 0.99853 0.00019243 0.21167 
601  0.00080016 -3.0965 0.99881 -0.00074231 0.21155 
602  0.00040008 -3.3977 0.99897 -0.00068479 0.21155 
603  0.00060012 -3.2215 0.99892 -0.00042217 0.21157 
604  0.0020004 -2.6980 0.99781 -0.00026507 0.21165 
605  0.00060012 -3.2215 0.99892 0.00052146 0.21173 
606  0.00080016 -3.0965 0.99881 -0.00032940 0.21161 
607  0.0020004 -2.6980 0.99781 0.00073710 0.21182 
608  0.0020004 -2.6980 0.99781 0.00024457 0.21169 
609  0.0016003 -2.7951 0.99820 -0.00012000 0.21166 
610  0.0010002 -2.9995 0.99868 -0.00055621 0.21155 
611  0.00020004 -3.6988 0.99900 -0.00018949 0.21159 
612  0.0010002 -2.9995 0.99868 0.00055805 0.21174 
613  0.0022004 -2.6565 0.99763 0.00077398 0.21180 
614  0.00060012 -3.2215 0.99892 8.0538e-06 0.21164 
615  0.00060012 -3.2215 0.99892 -0.00019489 0.21162 
616  0.00020004 -3.6988 0.99900 -7.8592e-05 0.21161 
617  0.00060012 -3.2215 0.99892 -0.00027085 0.21160 
618  0.00080016 -3.0965 0.99881 8.7020e-06 0.21164 
619  0.00080016 -3.0965 0.99881 -0.00045188 0.21157 
620  0.0010002 -2.9995 0.99868 -0.00070240 0.21152 
621  0.0012002 -2.9202 0.99853 -0.00071597 0.21156 
622  0.0014003 -2.8532 0.99837 -0.00077453 0.21155 
623  0.0010002 -2.9995 0.99868 0.00040977 0.21171 
624  0.00080016 -3.0965 0.99881 -6.9657e-05 0.21165 
625  0.00080016 -3.0965 0.99881 -0.00017665 0.21161 
626  0.00040008 -3.3977 0.99897 -0.00083371 0.21159 
627  0.00040008 -3.3977 0.99897 0.00037826 0.21170 
628  0.0020004 -2.6980 0.99781 -0.00050589 0.21156 
629  0.00060012 -3.2215 0.99892 -7.9786e-05 0.21162 
630  0.0018004 -2.7439 0.99804 -0.00050981 0.21158 
631  0.00080016 -3.0965 0.99881 0.00012518 0.21164 
632  0.00060012 -3.2215 0.99892 0.00039325 0.21172 
633  0.0012002 -2.9202 0.99853 0.0011253 0.21187 
634  0.0016003 -2.7951 0.99820 -0.00045734 0.21160 
635  0.0010002 -2.9995 0.99868 0.0010708 0.21185 
636  0.00080016 -3.0965 0.99881 0.00043735 0.21171 
637  0.0010002 -2.9995 0.99868 0.00061390 0.21174 
638  0.0010002 -2.9995 0.99868 0.00023730 0.21171 
639  0.00020004 -3.6988 0.99900 -0.00019702 0.21159 
640  0.00080016 -3.0965 0.99881 0.00010870 0.21168 
641  0.0014003 -2.8532 0.99837 -0.00049630 0.21155 
642  0.0012002 -2.9202 0.99853 0.00034536 0.21172 
643  0.0010002 -2.9995 0.99868 -0.00024004 0.21163 
644  0.0014003 -2.8532 0.99837 -0.00027404 0.21162 
645  0.00060012 -3.2215 0.99892 -0.00019500 0.21159 
646  0.0016003 -2.7951 0.99820 -0.00033243 0.21164 
647  0.0010002 -2.9995 0.99868 -0.00027433 0.21161 
648  0.00080016 -3.0965 0.99881 1.9985e-05 0.21163 
649  0.00060012 -3.2215 0.99892 0.00039576 0.21170 
650  0.00080016 -3.0965 0.99881 -0.00011307 0.21161 
651  0.0010002 -2.9995 0.99868 0.00029679 0.21170 
652  0.00060012 -3.2215 0.99892 4.1251e-05 0.21166 
653  0.0010002 -2.9995 0.99868 -4.1927e-05 0.21162 
654  0.0012002 -2.9202 0.99853 0.00025900 0.21168 
655  0.00040008 -3.3977 0.99897 -9.4992e-05 0.21161 
656  0.0010002 -2.9995 0.99868 -0.00025074 0.21159 
657  0.00060012 -3.2215 0.99892 -0.00047713 0.21159 
658  0.0012002 -2.9202 0.99853 0.00013540 0.21172 
659  0.00040008 -3.3977 0.99897 0.00022962 0.21166 
660  0.0024005 -2.6187 0.99745 -0.00097057 0.21153 
661  0.0012002 -2.9202 0.99853 -0.00067910 0.21153 
662  0.0010002 -2.9995 0.99868 0.00010996 0.21165 
663  0.0012002 -2.9202 0.99853 -5.3640e-05 0.21162 
664  0.00060012 -3.2215 0.99892 1.6848e-05 0.21167 
665  0.0014003 -2.8532 0.99837 -0.0012734 0.21147 
666  0.0010002 -2.9995 0.99868 0.00047215 0.21173 
667  0.00080016 -3.0965 0.99881 -0.00030080 0.21159 
668  0.00080016 -3.0965 0.99881 -0.00038243 0.21157 
669  0.0010002 -2.9995 0.99868 -0.0010065 0.21150 
670  0.00060012 -3.2215 0.99892 -0.00048333 0.21158 
671  0.0016003 -2.7951 0.99820 -0.00013468 0.21163 
672  0.0018004 -2.7439 0.99804 -0.00093364 0.21153 
673  0.00040008 -3.3977 0.99897 -0.00023855 0.21159 
674  0.0014003 -2.8532 0.99837 0.00024410 0.21173 
675  0.0014003 -2.8532 0.99837 0.00050178 0.21176 
676  0.00060012 -3.2215 0.99892 -0.00029842 0.21158 
677  0.0010002 -2.9995 0.99868 0.00037508 0.21170 
678  0.00040008 -3.3977 0.99897 0.00041470 0.21170 
679  0.0010002 -2.9995 0.99868 -0.00059936 0.21156 
680  0.0012002 -2.9202 0.99853 0.00017910 0.21167 
681  0.00080016 -3.0965 0.99881 -0.00047814 0.21156 
682  0.00060012 -3.2215 0.99892 0.00070656 0.21177 
683  0.0010002 -2.9995 0.99868 -0.00035125 0.21159 
684  0.00020004 -3.6988 0.99900 -0.00014515 0.21160 
685  0.00080016 -3.0965 0.99881 -0.00051475 0.21155 
686  0.0010002 -2.9995 0.99868 0.00099127 0.21183 
687  0.0010002 -2.9995 0.99868 0.00018813 0.21166 
688  0.00080016 -3.0965 0.99881 0.00041424 0.21173 
689  0.0010002 -2.9995 0.99868 -0.00024197 0.21162 
690  0.00060012 -3.2215 0.99892 0.00014950 0.21164 
691  0.0012002 -2.9202 0.99853 0.00089937 0.21185 
692  0.00080016 -3.0965 0.99881 0.00023063 0.21166 
693  0.0012002 -2.9202 0.99853 -0.00034398 0.21158 
694  0.0014003 -2.8532 0.99837 0.00012256 0.21169 
695  0.00060012 -3.2215 0.99892 -0.00013957 0.21161 
696  0.00080016 -3.0965 0.99881 0.00021965 0.21166 
697  0.0010002 -2.9995 0.99868 -0.00026965 0.21165 
698  0.0012002 -2.9202 0.99853 0.00014381 0.21166 
699  0.00040008 -3.3977 0.99897 -9.0352e-05 0.21161 
700  0.00080016 -3.0965 0.99881 0.00057188 0.21173 
701  0.00080016 -3.0965 0.99881 0.00057801 0.21175 
702  0.0010002 -2.9995 0.99868 2.7316e-06 0.21166 
703  0.00040008 -3.3977 0.99897 -0.00020199 0.21159 
704  0.0012002 -2.9202 0.99853 0.00046823 0.21174 
705  0.00060012 -3.2215 0.99892 -1.2144e-05 0.21163 
706  0.00060012 -3.2215 0.99892 -0.00026949 0.21158 
707  0.00040008 -3.3977 0.99897 0.00026446 0.21167 
708  0.0012002 -2.9202 0.99853 7.4916e-05 0.21171 
709  0.00040008 -3.3977 0.99897 -0.00051891 0.21156 
710  0.0016003 -2.7951 0.99820 -0.00013318 0.21160 
711  0.0012002 -2.9202 0.99853 -0.00049255 0.21159 
712  0.0014003 -2.8532 0.99837 0.00026611 0.21170 
713  0.0010002 -2.9995 0.99868 -0.00055572 0.21158 
714  0.00080016 -3.0965 0.99881 3.7305e-05 0.21164 
715  0.0012002 -2.9202 0.99853 0.00022017 0.21168 
716  0.00040008 -3.3977 0.99897 0.00014621 0.21165 
717  0.00060012 -3.2215 0.99892 -0.00019096 0.21161 
718  0.0014003 -2.8532 0.99837 -0.00040188 0.21157 
719  0.00080016 -3.0965 0.99881 0.00021853 0.21169 
720  0.00040008 -3.3977 0.99897 -0.00064955 0.21155 
721  0.0012002 -2.9202 0.99853 0.00067395 0.21175 
722  0.0010002 -2.9995 0.99868 -8.3726e-05 0.21162 
723  0.0012002 -2.9202 0.99853 -0.0010007 0.21151 
724  0.0014003 -2.8532 0.99837 -0.00031602 0.21160 
725  0.00080016 -3.0965 0.99881 0.00019018 0.21167 
726  0.0010002 -2.9995 0.99868 -0.00011976 0.21161 
727  0.0010002 -2.9995 0.99868 -0.0010628 0.21149 
728  0.0014003 -2.8532 0.99837 -0.00030196 0.21164 
729  0.00060012 -3.2215 0.99892 -3.6883e-05 0.21162 
730  0.0012002 -2.9202 0.99853 0.00057299 0.21175 
731  0.0014003 -2.8532 0.99837 0.00049383 0.21173 
732  0.0012002 -2.9202 0.99853 -0.00031421 0.21159 
733  0.00060012 -3.2215 0.99892 -0.00019794 0.21160 
734  0.00080016 -3.0965 0.99881 0.00010724 0.21164 
735  0.00060012 -3.2215 0.99892 -0.00070688 0.21154 
736  0.00080016 -3.0965 0.99881 1.5926e-05 0.21164 
737  0.0014003 -2.8532 0.99837 -0.00011514 0.21165 
738  0.0012002 -2.9202 0.99853 -0.00015107 0.21162 
739  0.00060012 -3.2215 0.99892 0.00020143 0.21166 
740  0.00040008 -3.3977 0.99897 8.5855e-05 0.21163 
741  0.0012002 -2.9202 0.99853 0.00052819 0.21174 
742  0.0014003 -2.8532 0.99837 -0.00059678 0.21156 
743  0.00080016 -3.0965 0.99881 -3.0217e-05 0.21165 
744  0.00080016 -3.0965 0.99881 0.00010900 0.21165 
745  0.0016003 -2.7951 0.99820 -0.00088396 0.21151 
746  0.00080016 -3.0965 0.99881 6.3133e-05 0.21168 
747  0.0010002 -2.9995 0.99868 -0.00037681 0.21159 
748  0.0010002 -2.9995 0.99868 -8.5791e-05 0.21162 
749  0.0010002 -2.9995 0.99868 -0.00046127 0.21159 
750  0.00020004 -3.6988 0.99900 7.7316e-06 0.21162 
751  0.0010002 -2.9995 0.99868 6.0758e-05 0.21165 
752  0.00080016 -3.0965 0.99881 0.00022370 0.21166 
753  0.0018004 -2.7439 0.99804 0.0016203 0.21198 
754  0.0016003 -2.7951 0.99820 0.00021409 0.21174 
755  0.0010002 -2.9995 0.99868 -0.00025575 0.21161 
756  0.0010002 -2.9995 0.99868 0.00025348 0.21169 
757  0.0022004 -2.6565 0.99763 -0.00088468 0.21154 
758  0.0020004 -2.6980 0.99781 0.00052864 0.21176 
759  0.00040008 -3.3977 0.99897 0.00047892 0.21172 
760  0.00080016 -3.0965 0.99881 -0.00050547 0.21157 
761  0.0014003 -2.8532 0.99837 -0.00024212 0.21161 
762  0.0016003 -2.7951 0.99820 -0.00020907 0.21169 
763  0.0010002 -2.9995 0.99868 -0.00010978 0.21165 
764  0.00060012 -3.2215 0.99892 -0.00030814 0.21159 
765  0.0014003 -2.8532 0.99837 0.00036478 0.21168 
766  0.00080016 -3.0965 0.99881 0.00069099 0.21177 
767  0.00080016 -3.0965 0.99881 3.5833e-05 0.21163 
768  0.00040008 -3.3977 0.99897 -0.00010978 0.21164 
769  0.00020004 -3.6988 0.99900 5.7974e-05 0.21163 
770  0.00080016 -3.0965 0.99881 0.00017900 0.21165 
771  0.0012002 -2.9202 0.99853 6.4368e-05 0.21164 
772  0.0012002 -2.9202 0.99853 0.00014157 0.21166 
773  0.0012002 -2.9202 0.99853 -6.1838e-06 0.21170 
774  0.00060012 -3.2215 0.99892 0.00071123 0.21177 
775  0.00080016 -3.0965 0.99881 -0.00014109 0.21163 
776  0.00060012 -3.2215 0.99892 0.00010008 0.21167 
777  0.0014003 -2.8532 0.99837 -0.00042373 0.21159 
778  0.00080016 -3.0965 0.99881 4.5563e-05 0.21165 
779  0.00080016 -3.0965 0.99881 -0.00022322 0.21163 
780  0.0010002 -2.9995 0.99868 -0.0012853 0.21156 
781  0.00060012 -3.2215 0.99892 0.00057072 0.21174 
782  0.0010002 -2.9995 0.99868 -0.00081648 0.21153 
783  0.00060012 -3.2215 0.99892 -0.00013202 0.21160 
784  0.00060012 -3.2215 0.99892 0.00025310 0.21167 
785  0.0014003 -2.8532 0.99837 0.00071431 0.21180 
786  0.00080016 -3.0965 0.99881 0.00024839 0.21168 
787  0.00060012 -3.2215 0.99892 -2.4994e-06 0.21163 
788  0.0014003 -2.8532 0.99837 -0.00013179 0.21163 
789  0.0010002 -2.9995 0.99868 -0.0010161 0.21150 
790  0.0020004 -2.6980 0.99781 -0.00041972 0.21158 
791  0.0010002 -2.9995 0.99868 6.5332e-05 0.21165 
792  0.0014003 -2.8532 0.99837 -0.00032309 0.21160 
793  0.00020004 -3.6988 0.99900 -0.00047079 0.21157 
794  0.00060012 -3.2215 0.99892 0.00033315 0.21170 
795  0.0010002 -2.9995 0.99868 -0.00082233 0.21152 
796  0.0000 -1000.0 0.99901 0.0000 0.21162 
797  0.00080016 -3.0965 0.99881 -0.00043413 0.21162 
798  0.0010002 -2.9995 0.99868 -6.9928e-05 0.21165 
799  0.00080016 -3.0965 0.99881 -8.3566e-05 0.21163 
800  0.00080016 -3.0965 0.99881 0.00044249 0.21173 
801  0.0010002 -2.9995 0.99868 6.8803e-05 0.21167 
802  0.0014003 -2.8532 0.99837 -0.00076693 0.21154 
803  0.00080016 -3.0965 0.99881 0.00049573 0.21174 
804  0.0014003 -2.8532 0.99837 0.00057964 0.21175 
805  0.0016003 -2.7951 0.99820 0.00043160 0.21172 
806  0.00060012 -3.2215 0.99892 -0.00027060 0.21158 
807  0.00020004 -3.6988 0.99900 0.00025289 0.21167 
808  0.0010002 -2.9995 0.99868 -2.4147e-05 0.21162 
809  0.00060012 -3.2215 0.99892 0.00054491 0.21173 
810  0.0012002 -2.9202 0.99853 -0.00079696 0.21156 
811  0.0016003 -2.7951 0.99820 0.00095228 0.21186 
812  0.0018004 -2.7439 0.99804 -2.9284e-05 0.21173 
813  0.0010002 -2.9995 0.99868 6.1953e-06 0.21164 
814  0.0012002 -2.9202 0.99853 0.00042647 0.21172 
815  0.00060012 -3.2215 0.99892 0.00029890 0.21168 
816  0.0016003 -2.7951 0.99820 -0.00073056 0.21160 
817  0.0012002 -2.9202 0.99853 0.00046175 0.21174 
818  0.00060012 -3.2215 0.99892 -0.00026530 0.21161 
819  0.0014003 -2.8532 0.99837 -9.5192e-05 0.21165 
820  0.00080016 -3.0965 0.99881 0.00042335 0.21170 
821  0.00060012 -3.2215 0.99892 0.00030723 0.21168 
822  0.00040008 -3.3977 0.99897 0.00020486 0.21166 
823  0.0010002 -2.9995 0.99868 -1.1109e-05 0.21162 
824  0.00060012 -3.2215 0.99892 0.00012170 0.21168 
825  0.0014003 -2.8532 0.99837 0.00034795 0.21173 
826  0.0010002 -2.9995 0.99868 0.00049257 0.21173 
827  0.00060012 -3.2215 0.99892 -0.00030398 0.21158 
828  0.00020004 -3.6988 0.99900 0.00018664 0.21166 
829  0.0018004 -2.7439 0.99804 -0.00034202 0.21164 
830  0.00040008 -3.3977 0.99897 2.8610e-05 0.21162 
831  0.0016003 -2.7951 0.99820 -0.00026950 0.21160 
832  0.0016003 -2.7951 0.99820 -0.00041225 0.21157 
833  0.0010002 -2.9995 0.99868 -0.00051944 0.21157 
834  0.0012002 -2.9202 0.99853 -0.00032069 0.21162 
835  0.0012002 -2.9202 0.99853 0.00052496 0.21174 
836  0.0010002 -2.9995 0.99868 0.00066302 0.21175 
837  0.00060012 -3.2215 0.99892 0.00010529 0.21165 
838  0.00080016 -3.0965 0.99881 -0.00095763 0.21153 
839  0.0016003 -2.7951 0.99820 -0.00084410 0.21154 
840  0.00080016 -3.0965 0.99881 -0.00038193 0.21157 
841  0.0010002 -2.9995 0.99868 0.00014903 0.21169 
842  0.0014003 -2.8532 0.99837 -0.00035199 0.21161 
843  0.0012002 -2.9202 0.99853 0.00012887 0.21166 
844  0.00020004 -3.6988 0.99900 -4.8432e-05 0.21161 
845  0.0010002 -2.9995 0.99868 -0.00049566 0.21158 
846  0.0016003 -2.7951 0.99820 4.4486e-05 0.21166 
847  0.00060012 -3.2215 0.99892 -0.00034402 0.21160 
848  0.00080016 -3.0965 0.99881 0.00027363 0.21167 
849  0.0010002 -2.9995 0.99868 0.00039019 0.21173 
850  0.0012002 -2.9202 0.99853 -0.00036468 0.21160 
851  0.00060012 -3.2215 0.99892 0.00011588 0.21167 
852  0.0010002 -2.9995 0.99868 -0.00065149 0.21157 
853  0.00060012 -3.2215 0.99892 4.5092e-05 0.21163 
854  0.0010002 -2.9995 0.99868 -0.00061356 0.21154 
855  0.0012002 -2.9202 0.99853 0.00044829 0.21172 
856  0.00060012 -3.2215 0.99892 8.3564e-05 0.21164 
857  0.0016003 -2.7951 0.99820 -0.00061012 0.21157 
858  0.0012002 -2.9202 0.99853 -0.00038806 0.21160 
859  0.00080016 -3.0965 0.99881 0.00018321 0.21165 
860  0.0010002 -2.9995 0.99868 -0.00066419 0.21155 
861  0.00040008 -3.3977 0.99897 -0.00017627 0.21159 
862  0.0012002 -2.9202 0.99853 -0.00071504 0.21154 
863  0.00040008 -3.3977 0.99897 -0.00015125 0.21159 
864  0.0010002 -2.9995 0.99868 0.00038569 0.21171 
865  0.0018004 -2.7439 0.99804 0.00070582 0.21180 
866  0.0012002 -2.9202 0.99853 -0.00034783 0.21158 
867  0.0012002 -2.9202 0.99853 0.00090280 0.21183 
868  0.00040008 -3.3977 0.99897 -0.00013939 0.21160 
869  0.0012002 -2.9202 0.99853 -0.0010059 0.21154 
870  0.0010002 -2.9995 0.99868 0.00037949 0.21170 
871  0.0010002 -2.9995 0.99868 -6.0279e-05 0.21161 
872  0.00080016 -3.0965 0.99881 0.00062282 0.21176 
873  0.0014003 -2.8532 0.99837 0.00073585 0.21181 
874  0.0018004 -2.7439 0.99804 -0.00035181 0.21164 
875  0.00060012 -3.2215 0.99892 1.7901e-05 0.21163 
876  0.00080016 -3.0965 0.99881 -0.00013941 0.21162 
877  0.00060012 -3.2215 0.99892 0.00093337 0.21182 
878  0.00040008 -3.3977 0.99897 0.00020175 0.21166 
879  0.0018004 -2.7439 0.99804 0.0011892 0.21188 
880  0.0014003 -2.8532 0.99837 0.00011390 0.21168 
881  0.0010002 -2.9995 0.99868 0.00034327 0.21170 
882  0.0016003 -2.7951 0.99820 0.00030668 0.21171 
883  0.00040008 -3.3977 0.99897 0.00016944 0.21165 
884  0.00080016 -3.0965 0.99881 0.00030698 0.21170 
885  0.00020004 -3.6988 0.99900 -0.00025073 0.21159 
886  0.0010002 -2.9995 0.99868 5.1668e-05 0.21163 
887  0.00060012 -3.2215 0.99892 -0.00044618 0.21156 
888  0.0010002 -2.9995 0.99868 -0.00056542 0.21156 
889  0.00060012 -3.2215 0.99892 -0.00015356 0.21162 
890  0.00040008 -3.3977 0.99897 0.00018883 0.21165 
891  0.00060012 -3.2215 0.99892 -8.0969e-05 0.21161 
892  0.0018004 -2.7439 0.99804 7.2132e-05 0.21168 
893  0.0010002 -2.9995 0.99868 0.00012483 0.21167 
894  0.00060012 -3.2215 0.99892 -0.00048296 0.21157 
895  0.0014003 -2.8532 0.99837 -5.0247e-05 0.21166 
896  0.0010002 -2.9995 0.99868 -0.00045775 0.21158 
897  0.00080016 -3.0965 0.99881 0.00018231 0.21168 
898  0.0014003 -2.8532 0.99837 -0.00034101 0.21161 
899  0.0012002 -2.9202 0.99853 0.00013305 0.21169 
900  0.0016003 -2.7951 0.99820 0.00059881 0.21181 
901  0.00060012 -3.2215 0.99892 0.00017773 0.21167 
902  0.0010002 -2.9995 0.99868 0.00033309 0.21169 
903  0.0016003 -2.7951 0.99820 -0.00087508 0.21155 
904  0.00080016 -3.0965 0.99881 0.00025194 0.21168 
905  0.0018004 -2.7439 0.99804 0.00039984 0.21174 
906  0.0012002 -2.9202 0.99853 -0.00041141 0.21158 
907  0.0014003 -2.8532 0.99837 0.00048836 0.21174 
908  0.0012002 -2.9202 0.99853 0.00086440 0.21181 
909  0.00080016 -3.0965 0.99881 -0.00020485 0.21160 
910  0.0014003 -2.8532 0.99837 -0.00042759 0.21164 
911  0.00080016 -3.0965 0.99881 0.00066558 0.21177 
912  0.0010002 -2.9995 0.99868 1.8548e-05 0.21166 
913  0.00060012 -3.2215 0.99892 -1.4059e-06 0.21163 
914  0.0014003 -2.8532 0.99837 2.6951e-05 0.21166 
915  0.00080016 -3.0965 0.99881 0.00029939 0.21169 
916  0.0018004 -2.7439 0.99804 -0.00039934 0.21160 
917  0.00040008 -3.3977 0.99897 0.00037397 0.21169 
918  0.00060012 -3.2215 0.99892 0.00016231 0.21165 
919  0.00060012 -3.2215 0.99892 -0.00057907 0.21155 
920  0.00080016 -3.0965 0.99881 -0.00013004 0.21162 
921  0.0018004 -2.7439 0.99804 -0.00073583 0.21161 
922  0.0000 -1000.0 0.99901 0.0000 0.21162 
923  0.0010002 -2.9995 0.99868 0.00053508 0.21174 
924  0.00060012 -3.2215 0.99892 -0.00030885 0.21158 
925  0.00060012 -3.2215 0.99892 -0.00059216 0.21156 
926  0.0022004 -2.6565 0.99763 0.00039658 0.21173 
927  0.0014003 -2.8532 0.99837 -9.7964e-05 0.21165 
928  0.0010002 -2.9995 0.99868 0.00051256 0.21173 
929  0.0010002 -2.9995 0.99868 0.00031870 0.21168 
930  0.0018004 -2.7439 0.99804 0.00017568 0.21167 
931  0.0012002 -2.9202 0.99853 -6.3755e-05 0.21164 
932  0.0012002 -2.9202 0.99853 -0.00016206 0.21165 
933  0.00080016 -3.0965 0.99881 -4.9004e-05 0.21165 
934  0.00080016 -3.0965 0.99881 0.00062596 0.21175 
935  0.0014003 -2.8532 0.99837 0.00048070 0.21173 
936  0.0010002 -2.9995 0.99868 0.00023926 0.21168 
937  0.0012002 -2.9202 0.99853 1.6146e-05 0.21168 
938  0.00040008 -3.3977 0.99897 -3.0541e-05 0.21162 
939  0.00060012 -3.2215 0.99892 -8.4144e-05 0.21161 
940  0.0012002 -2.9202 0.99853 -0.00039804 0.21159 
941  0.00040008 -3.3977 0.99897 0.00028395 0.21167 
942  0.0024005 -2.6187 0.99745 0.0025904 0.21215 
943  0.00020004 -3.6988 0.99900 0.00022495 0.21167 
944  0.00080016 -3.0965 0.99881 -0.00020299 0.21159 
945  0.00080016 -3.0965 0.99881 -0.00024526 0.21161 
946  0.0032006 -2.4934 0.99680 -0.0011169 0.21154 
947  0.0022004 -2.6565 0.99763 0.00079757 0.21179 
948  0.00040008 -3.3977 0.99897 -0.00022971 0.21159 
949  0.0014003 -2.8532 0.99837 -0.00054784 0.21163 
950  0.00080016 -3.0965 0.99881 0.00022582 0.21167 
951  0.0010002 -2.9995 0.99868 -4.4199e-05 0.21166 
952  0.0012002 -2.9202 0.99853 -0.00057442 0.21159 
953  0.00060012 -3.2215 0.99892 0.00035201 0.21170 
954  0.00060012 -3.2215 0.99892 7.6288e-05 0.21163 
955  0.00060012 -3.2215 0.99892 -0.00022743 0.21159 
956  0.0010002 -2.9995 0.99868 0.00029191 0.21175 
957  0.0014003 -2.8532 0.99837 -7.2032e-05 0.21162 
958  0.00080016 -3.0965 0.99881 0.00046745 0.21171 
959  0.00060012 -3.2215 0.99892 -0.00039936 0.21158 
960  0.0010002 -2.9995 0.99868 6.6360e-05 0.21171 
961  0.0012002 -2.9202 0.99853 -0.00033695 0.21159 
962  0.0012002 -2.9202 0.99853 -0.00080344 0.21152 
963  0.0010002 -2.9995 0.99868 -5.1479e-05 0.21161 
964  0.00080016 -3.0965 0.99881 0.00011427 0.21170 
965  0.00080016 -3.0965 0.99881 -0.00044343 0.21158 
966  0.00080016 -3.0965 0.99881 -0.00062300 0.21156 
967  0.00040008 -3.3977 0.99897 -0.00018019 0.21164 
968  0.0010002 -2.9995 0.99868 6.2572e-06 0.21165 
969  0.0014003 -2.8532 0.99837 0.00045515 0.21173 
970  0.00060012 -3.2215 0.99892 -0.00019171 0.21159 
971  0.0012002 -2.9202 0.99853 0.00044417 0.21172 
972  0.00040008 -3.3977 0.99897 -0.00030276 0.21158 
973  0.0012002 -2.9202 0.99853 0.00020613 0.21169 
974  0.0016003 -2.7951 0.99820 -0.00039981 0.21159 
975  0.00040008 -3.3977 0.99897 -0.00019366 0.21160 
976  0.00040008 -3.3977 0.99897 -0.00012070 0.21160 
977  0.00020004 -3.6988 0.99900 -2.4721e-05 0.21161 
978  0.0022004 -2.6565 0.99763 -0.00067359 0.21157 
979  0.00060012 -3.2215 0.99892 -8.8877e-05 0.21161 
980  0.0012002 -2.9202 0.99853 0.00027277 0.21169 
981  0.0010002 -2.9995 0.99868 0.00033289 0.21172 
982  0.0010002 -2.9995 0.99868 -0.00042967 0.21158 
983  0.00080016 -3.0965 0.99881 -0.00011463 0.21160 
984  0.00080016 -3.0965 0.99881 -0.00043623 0.21156 
985  0.00080016 -3.0965 0.99881 -9.0966e-05 0.21164 
986  0.00060012 -3.2215 0.99892 0.00041279 0.21170 
987  0.0010002 -2.9995 0.99868 2.0425e-06 0.21163 
988  0.00020004 -3.6988 0.99900 -0.00023200 0.21159 
989  0.0010002 -2.9995 0.99868 0.00023797 0.21169 
990  0.0010002 -2.9995 0.99868 0.00023332 0.21168 
991  0.0010002 -2.9995 0.99868 -0.00026474 0.21162 
992  0.00020004 -3.6988 0.99900 0.00019863 0.21166 
993  0.0016003 -2.7951 0.99820 -0.0016633 0.21146 
994  0.0018004 -2.7439 0.99804 0.00031037 0.21176 
995  0.0014003 -2.8532 0.99837 -0.0010208 0.21151 
996  0.00080016 -3.0965 0.99881 8.7270e-05 0.21163 
997  0.00060012 -3.2215 0.99892 0.00026695 0.21167 
998  0.0014003 -2.8532 0.99837 -0.00041528 0.21160 
999  0.0012002 -2.9202 0.99853 0.00014207 0.21167 
1000  0.00080016 -3.0965 0.99881 -0.00023978 0.21162 
1001  0.00040008 -3.3977 0.99897 -0.00016984 0.21159 
1002  0.00060012 -3.2215 0.99892 0.00010489 0.21165 
1003  0.00060012 -3.2215 0.99892 -4.3271e-05 0.21162 
1004  0.00060012 -3.2215 0.99892 5.6950e-05 0.21165 
1005  0.00040008 -3.3977 0.99897 0.00041635 0.21172 
1006  0.0016003 -2.7951 0.99820 -0.00052757 0.21155 
1007  0.00060012 -3.2215 0.99892 -0.00061273 0.21155 
1008  0.00060012 -3.2215 0.99892 0.00011943 0.21165 
1009  0.0012002 -2.9202 0.99853 -0.00065311 0.21158 
1010  0.00080016 -3.0965 0.99881 -0.00012007 0.21167 
1011  0.0014003 -2.8532 0.99837 0.00034238 0.21170 
1012  0.0012002 -2.9202 0.99853 0.00055132 0.21174 
1013  0.00040008 -3.3977 0.99897 -0.00029834 0.21158 
1014  0.00040008 -3.3977 0.99897 -0.00024494 0.21160 
1015  0.00060012 -3.2215 0.99892 -0.00017175 0.21160 
1016  0.00060012 -3.2215 0.99892 -0.00016457 0.21162 
1017  0.00060012 -3.2215 0.99892 0.00016599 0.21166 
1018  0.0020004 -2.6980 0.99781 -0.00039527 0.21165 
1019  0.00060012 -3.2215 0.99892 -0.00019556 0.21160 
1020  0.00060012 -3.2215 0.99892 -3.0925e-05 0.21162 
1021  0.00080016 -3.0965 0.99881 0.00014151 0.21165 
1022  0.0000 -1000.0 0.99901 0.0000 0.21162 
1023  0.00040008 -3.3977 0.99897 -0.00058178 0.21157 
1024  0.00040008 -3.3977 0.99897 1.6236e-05 0.21162 
1025  0.0014003 -2.8532 0.99837 -4.4017e-05 0.21162 
1026  0.0010002 -2.9995 0.99868 -0.00021929 0.21161 
1027  0.0024005 -2.6187 0.99745 0.00054792 0.21178 
1028  0.00060012 -3.2215 0.99892 0.00010120 0.21166 
1029  0.00080016 -3.0965 0.99881 -0.00051044 0.21161 
1030  0.0014003 -2.8532 0.99837 0.0012349 0.21189 
1031  0.0014003 -2.8532 0.99837 0.00039436 0.21171 
1032  0.0018004 -2.7439 0.99804 0.00064104 0.21178 
1033  0.0010002 -2.9995 0.99868 0.00044313 0.21173 
1034  0.0010002 -2.9995 0.99868 -0.00048926 0.21166 
1035  0.0020004 -2.6980 0.99781 0.00024443 0.21171 
1036  0.00080016 -3.0965 0.99881 -0.00050474 0.21158 
1037  0.0014003 -2.8532 0.99837 0.00030797 0.21175 
1038  0.00060012 -3.2215 0.99892 0.00051621 0.21173 
1039  0.00080016 -3.0965 0.99881 0.00033746 0.21169 
1040  0.00060012 -3.2215 0.99892 0.00037311 0.21169 
1041  0.0018004 -2.7439 0.99804 -1.8324e-05 0.21166 
1042  0.0016003 -2.7951 0.99820 0.00074917 0.21182 
1043  0.00080016 -3.0965 0.99881 -0.00018814 0.21164 
1044  0.0014003 -2.8532 0.99837 0.00063993 0.21179 
1045  0.0012002 -2.9202 0.99853 0.00046300 0.21174 
1046  0.0010002 -2.9995 0.99868 -0.00013475 0.21163 
1047  0.0014003 -2.8532 0.99837 0.00020768 0.21172 
1048  0.00080016 -3.0965 0.99881 0.00050368 0.21174 
1049  0.0018004 -2.7439 0.99804 -0.00012459 0.21169 
1050  0.00080016 -3.0965 0.99881 -0.00042063 0.21157 
1051  0.00040008 -3.3977 0.99897 0.00012180 0.21164 
1052  0.0022004 -2.6565 0.99763 0.00095466 0.21184 
1053  0.00080016 -3.0965 0.99881 -0.00013357 0.21162 
1054  0.00020004 -3.6988 0.99900 -0.00012280 0.21160 
1055  0.0010002 -2.9995 0.99868 0.00052148 0.21174 
1056  0.00080016 -3.0965 0.99881 -0.00073217 0.21156 
1057  0.00040008 -3.3977 0.99897 9.3756e-05 0.21166 
1058  0.0010002 -2.9995 0.99868 -0.00034667 0.21160 
1059  0.00080016 -3.0965 0.99881 -0.00080973 0.21155 
1060  0.0016003 -2.7951 0.99820 -0.00048015 0.21156 
1061  0.00060012 -3.2215 0.99892 -5.8538e-05 0.21162 
1062  0.0010002 -2.9995 0.99868 0.00050783 0.21174 
1063  0.00060012 -3.2215 0.99892 0.00014410 0.21165 
1064  0.0010002 -2.9995 0.99868 0.0010679 0.21185 
1065  0.0010002 -2.9995 0.99868 0.00017958 0.21166 
1066  0.0018004 -2.7439 0.99804 -0.00076796 0.21155 
1067  0.00040008 -3.3977 0.99897 0.00021250 0.21166 
1068  0.0014003 -2.8532 0.99837 0.0011210 0.21187 
1069  0.00080016 -3.0965 0.99881 0.00027852 0.21169 
1070  0.00020004 -3.6988 0.99900 0.00017596 0.21165 
1071  0.00020004 -3.6988 0.99900 -7.4237e-05 0.21160 
1072  0.0010002 -2.9995 0.99868 0.0012429 0.21191 
1073  0.0022004 -2.6565 0.99763 -0.00036582 0.21160 
1074  0.00060012 -3.2215 0.99892 -8.6806e-05 0.21161 
1075  0.0016003 -2.7951 0.99820 -0.00038024 0.21159 
1076  0.00080016 -3.0965 0.99881 0.00022786 0.21167 
1077  0.00080016 -3.0965 0.99881 -2.6755e-05 0.21165 
1078  0.00080016 -3.0965 0.99881 -0.00019058 0.21160 
1079  0.0014003 -2.8532 0.99837 -1.7928e-05 0.21166 
1080  0.0018004 -2.7439 0.99804 0.00012115 0.21172 
1081  0.0014003 -2.8532 0.99837 0.00024510 0.21170 
1082  0.00060012 -3.2215 0.99892 0.00016676 0.21166 
1083  0.0012002 -2.9202 0.99853 -0.00027917 0.21162 
1084  0.0012002 -2.9202 0.99853 -0.00028143 0.21159 
1085  0.0012002 -2.9202 0.99853 0.0010853 0.21184 
1086  0.0016003 -2.7951 0.99820 -0.00025797 0.21161 
1087  0.00080016 -3.0965 0.99881 -0.00020561 0.21159 
1088  0.0010002 -2.9995 0.99868 -0.00027644 0.21162 
1089  0.00080016 -3.0965 0.99881 -0.00047549 0.21155 
1090  0.0010002 -2.9995 0.99868 -0.00025231 0.21161 
1091  0.00040008 -3.3977 0.99897 -0.00041959 0.21157 
1092  0.00080016 -3.0965 0.99881 0.00076823 0.21178 
1093  0.00060012 -3.2215 0.99892 0.00040865 0.21171 
1094  0.0010002 -2.9995 0.99868 0.00039409 0.21170 
1095  0.00060012 -3.2215 0.99892 -0.00040273 0.21160 
1096  0.0010002 -2.9995 0.99868 -0.00054032 0.21160 
1097  0.00040008 -3.3977 0.99897 -0.00025560 0.21158 
1098  0.0024005 -2.6187 0.99745 -0.00025501 0.21163 
1099  0.00080016 -3.0965 0.99881 -0.00045566 0.21158 
