139
42
49
39
103
139
14
137
90
21
99
116
62
122
135
38
10
93
94
136
128
20
53
91
111
40
35
28
59
122
71
49
113
100
11
132
90
60
133
60
99
10
122
41
137
94
29
130
51
120
56
108
7
10
55
29
51
122
114
17
67
124
5
86
108
27
44
59
84
111
33
114
86
40
125
148
18
26
21
131
69
38
62
16
93
6
57
66
38
63
91
11
13
64
84
62
124
69
83
82
138
26
6
82
62
15
9
107
70
66
125
67
130
117
44
53
63
55
105
59
15
54
29
130
126
45
43
105
43
27
13
105
120
58
21
39
25
85
23
14
35
12
90
88
126
71
100
63
136
69
116
67
63
130
50
105
134
15
101
99
79
16
89
43
56
109
5
139
20
40
83
97
72
80
16
29
7
118
61
102
23
103
111
11
13
110
105
28
51
17
5
119
89
102
100
137
109
98
134
87
9
26
129
23
17
17
106
31
45
48
65
123
40
62
17
74
5
134
74
22
8
78
33
40
94
111
21
131
5
23
63
127
54
29
55
19
46
102
24
69
127
55
31
81
91
79
66
97
132
136
42
60
73
22
98
46
132
42
107
96
6
127
100
126
57
57
8
24
45
33
20
127
132
39
116
134
21
47
79
49
82
106
56
124
20
21
73
139
120
35
122
109
106
78
7
122
88
58
104
135
60
22
124
52
62
57
93
7
38
95
133
39
56
63
59
46
81
64
52
23
124
103
114
132
139
60
75
58
113
105
139
72
65
110
102
43
57
44
120
40
58
47
49
135
86
118
69
9
22
86
59
134
75
119
71
46
36
23
105
45
113
138
73
108
124
89
48
108
109
103
73
42
48
97
133
36
91
54
38
129
52
36
33
24
62
24
54
67
29
55
24
2
110
113
79
80
44
33
135
77
72
146
61
74
82
13
19
119
126
94
63
53
62
41
76
19
55
69
121
101
42
75
25
138
18
122
90
78
22
41
139
76
116
45
43
133
43
77
57
77
23
115
112
118
21
63
32
124
5
74
31
39
21
22
120
77
29
71
138
39
109
53
102
136
136
98
139
36
138
33
100
103
102
96
129
100
7
135
124
65
35
112
45
39
105
26
79
91
91
114
134
124
130
63
62
64
116
104
46
38
6
132
83
98
48
17
138
29
15
86
103
87
17
78
85
59
110
138
138
40
75
26
108
47
70
119
134
122
57
35
78
121
93
121
89
42
129
34
112
34
28
16
128
66
25
56
52
73
120
58
83
24
94
41
137
21
63
114
107
127
98
113
100
98
29
111
132
131
40
128
78
70
119
99
21
117
57
11
62
32
121
77
48
83
35
84
94
138
44
87
136
40
64
127
82
62
10
128
122
11
52
87
8
93
76
53
52
106
92
28
52
90
156
77
105
13
135
120
40
127
89
111
79
92
45
20
65
23
34
53
108
105
102
135
47
98
126
89
111
46
41
101
6
48
14
48
82
100
88
59
128
108
43
97
127
25
69
57
89
125
35
75
119
90
114
44
19
76
15
95
36
17
72
118
66
42
43
76
117
125
126
68
119
106
103
45
94
76
103
128
74
121
133
91
106
34
41
70
27
52
31
71
110
97
43
14
99
123
42
138
103
59
46
15
121
47
36
62
32
93
83
126
100
85
59
132
49
71
120
12
120
130
105
128
57
103
64
65
83
46
36
58
12
87
79
78
132
76
119
38
30
18
81
111
45
42
94
127
71
13
76
101
40
94
19
45
122
91
98
80
123
110
125
74
63
79
66
37
128
89
125
58
115
123
97
22
81
98
125
112
114
134
110
46
95
23
136
5
114
14
62
86
96
38
29
57
48
26
56
136
103
118
86
134
86
86
59
80
124
95
26
22
54
29
127
79
20
5
100
49
80
125
20
102
101
98
37
88
8
43
18
124
132
34
21
68
70
116
30
21
20
93
103
114
69
37
51
105
51
120
59
80
44
50
130
37
121
124
130
48
126
105
71
40
43
27
120
114
42
99
101
14
71
41
40
43
72
58
52
119
73
8
116
118
44
103
99
60
60
131
13
53
37
77
29
64
12
52
51
108
64
80
44
138
112
124
29
134
101
97
123
90
85
67
88
95
124
137
139
8
16
107
88
13
134
96
41
60
64
58
46
41
14
9
78
67
55
134
35
55
75
6
75
103
120
30
109
115
41
48
40
66
14
11
136
71
94
95
139
27
21
31
48
35
43
15
79
60
51
80
101
76
14
20
95
123
98
69
77
83
110
74
43
26
11
121
10
40
38
31
112
5
134
39
9
26
105
132
57
115
137
68
34
97
137
28
76
37
79
136
79
138
55
126
119
26
52
134
102
9
129
44
33
104
115
121
44
101
126
125
26
34
124
42
86
92
81
32
78
8
134
12
23
30
33
76
79
125
34
127
138
132
85
11
132
109
51
54
108
18
42
59
67
50
131
120
21
42
85
31
113
72
132
19
78
120
110
9
72
89
110
16
120
51
73
124
11
36
6
